{
    "components_dict": {
        "armUI_L0": {
            "apos": [
                [
                    26.775389, 
                    146.338973, 
                    -6.611104693294619
                ], 
                [
                    26.661912769141907, 
                    147.38197902962108, 
                    -6.638106270925109
                ]
            ], 
            "atra": [
                [
                    [
                        -1.0, 
                        1.2246467991473532e-16, 
                        0.0, 
                        0.0
                    ], 
                    [
                        0.0, 
                        0.0, 
                        1.0, 
                        0.0
                    ], 
                    [
                        1.2246467991473532e-16, 
                        1.0, 
                        0.0, 
                        0.0
                    ], 
                    [
                        26.775389, 
                        146.338973, 
                        -6.611104693294619, 
                        1.0
                    ]
                ], 
                [
                    [
                        -0.7359484607701887, 
                        -0.06076284156707914, 
                        0.7457581767335076, 
                        0.0
                    ], 
                    [
                        0.7395745575061569, 
                        0.09956815378919574, 
                        0.7379587892496275, 
                        0.0
                    ], 
                    [
                        -0.11347623085809401, 
                        1.043006029621067, 
                        -0.02700157763049169, 
                        0.0
                    ], 
                    [
                        26.661912769141907, 
                        147.38197902962108, 
                        -6.638106270925109, 
                        1.0
                    ]
                ]
            ], 
            "blade": {}, 
            "child_components": [], 
            "param_values": {
                "Override_Color": false, 
                "RGB_fk": [
                    0.0, 
                    0.0, 
                    1.0
                ], 
                "RGB_ik": [
                    0.0, 
                    0.25, 
                    1.0
                ], 
                "Use_RGB_Color": false, 
                "addLeafJoint": false, 
                "color_fk": 6, 
                "color_ik": 18, 
                "comp_index": 0, 
                "comp_name": "armUI", 
                "comp_side": "L", 
                "comp_type": "control_01", 
                "connector": "standard", 
                "ctlGrp": "", 
                "ctlNamesDescription": "['ctl']", 
                "ctlNamesDescription_custom": "['ctl']", 
                "ctlSize": 5.0, 
                "default_rotorder": 0, 
                "icon": "cross", 
                "ikrefarray": "arm_L0_root", 
                "joint": false, 
                "joint_names": "", 
                "joint_rot_offset_x": 0.0, 
                "joint_rot_offset_y": 0.0, 
                "joint_rot_offset_z": 0.0, 
                "k_ro": false, 
                "k_rx": false, 
                "k_ry": false, 
                "k_rz": false, 
                "k_sx": false, 
                "k_sy": false, 
                "k_sz": false, 
                "k_tx": false, 
                "k_ty": false, 
                "k_tz": false, 
                "leafJoint": false, 
                "mirrorBehaviour": false, 
                "neutralRotation": true, 
                "parentJointIndex": -1, 
                "ui_host": "", 
                "uniScale": false, 
                "useIndex": false
            }, 
            "parent_fullName": null, 
            "parent_localName": null, 
            "pos": {
                "root": [
                    26.775389, 
                    146.338973, 
                    -6.611104693294619
                ], 
                "sizeRef": [
                    26.661912769141907, 
                    147.38197902962108, 
                    -6.638106270925109
                ]
            }, 
            "tra": {
                "root": [
                    [
                        -1.0, 
                        1.2246467991473532e-16, 
                        0.0, 
                        0.0
                    ], 
                    [
                        0.0, 
                        0.0, 
                        1.0, 
                        0.0
                    ], 
                    [
                        1.2246467991473532e-16, 
                        1.0, 
                        0.0, 
                        0.0
                    ], 
                    [
                        26.775389, 
                        146.338973, 
                        -6.611104693294619, 
                        1.0
                    ]
                ], 
                "sizeRef": [
                    [
                        -0.7359484607701887, 
                        -0.06076284156707914, 
                        0.7457581767335076, 
                        0.0
                    ], 
                    [
                        0.7395745575061569, 
                        0.09956815378919574, 
                        0.7379587892496275, 
                        0.0
                    ], 
                    [
                        -0.11347623085809401, 
                        1.043006029621067, 
                        -0.02700157763049169, 
                        0.0
                    ], 
                    [
                        26.661912769141907, 
                        147.38197902962108, 
                        -6.638106270925109, 
                        1.0
                    ]
                ]
            }
        }, 
        "armUI_R0": {
            "apos": [
                [
                    -26.775, 
                    146.338974, 
                    -6.611104488372803
                ], 
                [
                    -26.888476230858092, 
                    145.29596797037894, 
                    -6.638106066003293
                ]
            ], 
            "atra": [
                [
                    [
                        -1.0, 
                        1.2246467991473532e-16, 
                        0.0, 
                        0.0
                    ], 
                    [
                        0.0, 
                        0.0, 
                        1.0, 
                        0.0
                    ], 
                    [
                        -1.2246467991473532e-16, 
                        -1.0, 
                        0.0, 
                        0.0
                    ], 
                    [
                        -26.775, 
                        146.338974, 
                        -6.611104488372803, 
                        1.0
                    ]
                ], 
                [
                    [
                        -0.7359484607701888, 
                        0.06076284156707949, 
                        0.7457581767335075, 
                        0.0
                    ], 
                    [
                        0.7395745575061565, 
                        -0.09956815378919691, 
                        0.7379587892496277, 
                        0.0
                    ], 
                    [
                        -0.11347623085809505, 
                        -1.0430060296210666, 
                        -0.027001577630492265, 
                        0.0
                    ], 
                    [
                        -26.888476230858092, 
                        145.29596797037894, 
                        -6.638106066003293, 
                        1.0
                    ]
                ]
            ], 
            "blade": {}, 
            "child_components": [], 
            "param_values": {
                "Override_Color": false, 
                "RGB_fk": [
                    0.0, 
                    0.0, 
                    1.0
                ], 
                "RGB_ik": [
                    0.0, 
                    0.25, 
                    1.0
                ], 
                "Use_RGB_Color": false, 
                "addLeafJoint": false, 
                "color_fk": 6, 
                "color_ik": 18, 
                "comp_index": 0, 
                "comp_name": "armUI", 
                "comp_side": "R", 
                "comp_type": "control_01", 
                "connector": "standard", 
                "ctlGrp": "", 
                "ctlNamesDescription": "['ctl']", 
                "ctlNamesDescription_custom": "['ctl']", 
                "ctlSize": 5.0, 
                "default_rotorder": 0, 
                "icon": "cross", 
                "ikrefarray": "arm_R0_root", 
                "joint": false, 
                "joint_names": "", 
                "joint_rot_offset_x": 0.0, 
                "joint_rot_offset_y": 0.0, 
                "joint_rot_offset_z": 0.0, 
                "k_ro": false, 
                "k_rx": false, 
                "k_ry": false, 
                "k_rz": false, 
                "k_sx": false, 
                "k_sy": false, 
                "k_sz": false, 
                "k_tx": false, 
                "k_ty": false, 
                "k_tz": false, 
                "leafJoint": false, 
                "mirrorBehaviour": false, 
                "neutralRotation": true, 
                "parentJointIndex": -1, 
                "ui_host": "", 
                "uniScale": false, 
                "useIndex": false
            }, 
            "parent_fullName": null, 
            "parent_localName": null, 
            "pos": {
                "root": [
                    -26.775, 
                    146.338974, 
                    -6.611104488372803
                ], 
                "sizeRef": [
                    -26.888476230858092, 
                    145.29596797037894, 
                    -6.638106066003293
                ]
            }, 
            "tra": {
                "root": [
                    [
                        -1.0, 
                        1.2246467991473532e-16, 
                        0.0, 
                        0.0
                    ], 
                    [
                        0.0, 
                        0.0, 
                        1.0, 
                        0.0
                    ], 
                    [
                        -1.2246467991473532e-16, 
                        -1.0, 
                        0.0, 
                        0.0
                    ], 
                    [
                        -26.775, 
                        146.338974, 
                        -6.611104488372803, 
                        1.0
                    ]
                ], 
                "sizeRef": [
                    [
                        -0.7359484607701888, 
                        0.06076284156707949, 
                        0.7457581767335075, 
                        0.0
                    ], 
                    [
                        0.7395745575061565, 
                        -0.09956815378919691, 
                        0.7379587892496277, 
                        0.0
                    ], 
                    [
                        -0.11347623085809505, 
                        -1.0430060296210666, 
                        -0.027001577630492265, 
                        0.0
                    ], 
                    [
                        -26.888476230858092, 
                        145.29596797037894, 
                        -6.638106066003293, 
                        1.0
                    ]
                ]
            }
        }, 
        "arm_L0": {
            "apos": [
                [
                    15.248937606811523, 
                    134.38731384277344, 
                    -2.5227966308593754
                ], 
                [
                    28.48992538452144, 
                    116.63023376464844, 
                    -1.9719276428222665
                ], 
                [
                    42.06744509308782, 
                    100.45497364445805, 
                    13.084538887195183
                ], 
                [
                    47.0030477627854, 
                    86.80059565997318, 
                    22.12688513617242
                ]
            ], 
            "atra": [
                [
                    [
                        0.5975932812775936, 
                        -0.8014138494539994, 
                        0.024861859850004404, 
                        0.0
                    ], 
                    [
                        0.8007211906783587, 
                        0.598110225546532, 
                        0.03331265368147032, 
                        0.0
                    ], 
                    [
                        -0.04156735462478746, 
                        1.8214596497756474e-16, 
                        0.9991357040109686, 
                        0.0
                    ], 
                    [
                        15.248937606811523, 
                        134.38731384277344, 
                        -2.5227966308593754, 
                        1.0
                    ]
                ], 
                [
                    [
                        0.5234973460340665, 
                        -0.6236563029245958, 
                        0.5805198915779827, 
                        0.0
                    ], 
                    [
                        0.720452930784527, 
                        0.6877476944772575, 
                        0.08916660397928713, 
                        0.0
                    ], 
                    [
                        -0.4548605316130081, 
                        0.371558776728049, 
                        0.8093491040441606, 
                        0.0
                    ], 
                    [
                        28.48992538452144, 
                        116.63023376464844, 
                        -1.9719276428222665, 
                        1.0
                    ]
                ], 
                [
                    [
                        0.2885546565672365, 
                        -0.7982883983231469, 
                        0.5286509654545521, 
                        0.0
                    ], 
                    [
                        0.8425189059920799, 
                        0.47400391194485264, 
                        0.2558948700284591, 
                        0.0
                    ], 
                    [
                        -0.4548605316130084, 
                        0.3715587767280492, 
                        0.8093491040441612, 
                        0.0
                    ], 
                    [
                        42.06744509308782, 
                        100.45497364445805, 
                        13.084538887195183, 
                        1.0
                    ]
                ], 
                [
                    [
                        0.2885546565672368, 
                        -0.7982883983231476, 
                        0.5286509654545526, 
                        0.0
                    ], 
                    [
                        0.8425189059920801, 
                        0.47400391194485275, 
                        0.2558948700284592, 
                        0.0
                    ], 
                    [
                        -0.454860531613008, 
                        0.3715587767280489, 
                        0.8093491040441605, 
                        0.0
                    ], 
                    [
                        47.0030477627854, 
                        86.80059565997318, 
                        22.12688513617242, 
                        1.0
                    ]
                ]
            ], 
            "blade": {}, 
            "child_components": [
                "meta_L0", 
                "hand_socket_L0"
            ], 
            "param_values": {
                "Override_Color": false, 
                "RGB_fk": [
                    0.0, 
                    0.0, 
                    1.0
                ], 
                "RGB_ik": [
                    0.0, 
                    0.25, 
                    1.0
                ], 
                "Use_RGB_Color": false, 
                "blend": 0.0, 
                "color_fk": 6, 
                "color_ik": 18, 
                "comp_index": 0, 
                "comp_name": "arm", 
                "comp_side": "L", 
                "comp_type": "arm_2jnt_01", 
                "connector": "shoulder_01", 
                "ctlGrp": "", 
                "div0": 2, 
                "div1": 2, 
                "extraTweak": false, 
                "ikTR": true, 
                "ikrefarray": "shoulder_L0_tip,global_C0_root,body_C0_root,spine_C0_eff,spine_C0_root,root_C0_root", 
                "joint_names": "", 
                "joint_rot_offset_x": 0.0, 
                "joint_rot_offset_y": 0.0, 
                "joint_rot_offset_z": 0.0, 
                "maxstretch": 1.5, 
                "mirrorIK": false, 
                "mirrorMid": true, 
                "parentJointIndex": -1, 
                "pinrefarray": "shoulder_L0_tip,global_C0_root,body_C0_root,spine_C0_eff,spine_C0_root,root_C0_root", 
                "sq_profile": [
                    0.0, 
                    0.078125, 
                    0.25, 
                    0.421875, 
                    0.5, 
                    0.421875, 
                    0.25, 
                    0.078125, 
                    0.0
                ], 
                "st_profile": [
                    0.0, 
                    -0.078125, 
                    -0.25, 
                    -0.421875, 
                    -0.5, 
                    -0.421875, 
                    -0.25, 
                    -0.078125, 
                    0.0
                ], 
                "supportJoints": true, 
                "ui_host": "armUI_L0_root", 
                "upvrefarray": "shoulder_L0_tip,global_C0_root,body_C0_root,spine_C0_eff,spine_C0_root,root_C0_root", 
                "useIndex": false
            }, 
            "parent_fullName": "shoulder_L0", 
            "parent_localName": "tip", 
            "pos": {
                "eff": [
                    47.0030477627854, 
                    86.80059565997318, 
                    22.12688513617242
                ], 
                "elbow": [
                    28.48992538452144, 
                    116.63023376464844, 
                    -1.9719276428222665
                ], 
                "root": [
                    15.248937606811523, 
                    134.38731384277344, 
                    -2.5227966308593754
                ], 
                "wrist": [
                    42.06744509308782, 
                    100.45497364445805, 
                    13.084538887195183
                ]
            }, 
            "tra": {
                "eff": [
                    [
                        0.2885546565672368, 
                        -0.7982883983231476, 
                        0.5286509654545526, 
                        0.0
                    ], 
                    [
                        0.8425189059920801, 
                        0.47400391194485275, 
                        0.2558948700284592, 
                        0.0
                    ], 
                    [
                        -0.454860531613008, 
                        0.3715587767280489, 
                        0.8093491040441605, 
                        0.0
                    ], 
                    [
                        47.0030477627854, 
                        86.80059565997318, 
                        22.12688513617242, 
                        1.0
                    ]
                ], 
                "elbow": [
                    [
                        0.5234973460340665, 
                        -0.6236563029245958, 
                        0.5805198915779827, 
                        0.0
                    ], 
                    [
                        0.720452930784527, 
                        0.6877476944772575, 
                        0.08916660397928713, 
                        0.0
                    ], 
                    [
                        -0.4548605316130081, 
                        0.371558776728049, 
                        0.8093491040441606, 
                        0.0
                    ], 
                    [
                        28.48992538452144, 
                        116.63023376464844, 
                        -1.9719276428222665, 
                        1.0
                    ]
                ], 
                "root": [
                    [
                        0.5975932812775936, 
                        -0.8014138494539994, 
                        0.024861859850004404, 
                        0.0
                    ], 
                    [
                        0.8007211906783587, 
                        0.598110225546532, 
                        0.03331265368147032, 
                        0.0
                    ], 
                    [
                        -0.04156735462478746, 
                        1.8214596497756474e-16, 
                        0.9991357040109686, 
                        0.0
                    ], 
                    [
                        15.248937606811523, 
                        134.38731384277344, 
                        -2.5227966308593754, 
                        1.0
                    ]
                ], 
                "wrist": [
                    [
                        0.2885546565672365, 
                        -0.7982883983231469, 
                        0.5286509654545521, 
                        0.0
                    ], 
                    [
                        0.8425189059920799, 
                        0.47400391194485264, 
                        0.2558948700284591, 
                        0.0
                    ], 
                    [
                        -0.4548605316130084, 
                        0.3715587767280492, 
                        0.8093491040441612, 
                        0.0
                    ], 
                    [
                        42.06744509308782, 
                        100.45497364445805, 
                        13.084538887195183, 
                        1.0
                    ]
                ]
            }
        }, 
        "arm_R0": {
            "apos": [
                [
                    -15.248937606811523, 
                    134.38731384277347, 
                    -2.5227966308593768
                ], 
                [
                    -28.48992538452145, 
                    116.63023376464851, 
                    -1.9719276428222707
                ], 
                [
                    -42.06744509308784, 
                    100.45497364445804, 
                    13.084538887195176
                ], 
                [
                    -47.00304776278543, 
                    86.8005956599732, 
                    22.12688513617242
                ]
            ], 
            "atra": [
                [
                    [
                        -0.5975932812775936, 
                        -0.8014138494539982, 
                        0.02486185985000433, 
                        0.0
                    ], 
                    [
                        -0.8007211906783595, 
                        0.5981102255465327, 
                        0.03331265368146949, 
                        0.0
                    ], 
                    [
                        0.041567354624786675, 
                        5.152128723651117e-16, 
                        0.9991357040109685, 
                        0.0
                    ], 
                    [
                        -15.248937606811523, 
                        134.38731384277347, 
                        -2.5227966308593768, 
                        1.0
                    ]
                ], 
                [
                    [
                        -0.5234973460340665, 
                        -0.6236563029245937, 
                        0.5805198915779828, 
                        0.0
                    ], 
                    [
                        -0.7204529307845272, 
                        0.6877476944772587, 
                        0.08916660397928705, 
                        0.0
                    ], 
                    [
                        0.45486053161300877, 
                        0.37155877672804827, 
                        0.8093491040441604, 
                        0.0
                    ], 
                    [
                        -28.48992538452145, 
                        116.63023376464851, 
                        -1.9719276428222707, 
                        1.0
                    ]
                ], 
                [
                    [
                        -0.28855465656723633, 
                        -0.7982883983231464, 
                        0.5286509654545526, 
                        0.0
                    ], 
                    [
                        -0.842518905992079, 
                        0.47400391194485336, 
                        0.2558948700284589, 
                        0.0
                    ], 
                    [
                        0.45486053161300916, 
                        0.3715587767280486, 
                        0.809349104044161, 
                        0.0
                    ], 
                    [
                        -42.06744509308784, 
                        100.45497364445804, 
                        13.084538887195176, 
                        1.0
                    ]
                ], 
                [
                    [
                        -0.28855465656723667, 
                        -0.7982883983231472, 
                        0.5286509654545531, 
                        0.0
                    ], 
                    [
                        -0.8425189059920793, 
                        0.4740039119448536, 
                        0.255894870028459, 
                        0.0
                    ], 
                    [
                        0.4548605316130088, 
                        0.3715587767280483, 
                        0.8093491040441604, 
                        0.0
                    ], 
                    [
                        -47.00304776278543, 
                        86.8005956599732, 
                        22.12688513617242, 
                        1.0
                    ]
                ]
            ], 
            "blade": {}, 
            "child_components": [
                "meta_R0", 
                "hand_socket_R0"
            ], 
            "param_values": {
                "Override_Color": false, 
                "RGB_fk": [
                    0.0, 
                    0.0, 
                    1.0
                ], 
                "RGB_ik": [
                    0.0, 
                    0.25, 
                    1.0
                ], 
                "Use_RGB_Color": false, 
                "blend": 0.0, 
                "color_fk": 6, 
                "color_ik": 18, 
                "comp_index": 0, 
                "comp_name": "arm", 
                "comp_side": "R", 
                "comp_type": "arm_2jnt_01", 
                "connector": "shoulder_01", 
                "ctlGrp": "", 
                "div0": 2, 
                "div1": 2, 
                "extraTweak": false, 
                "ikTR": true, 
                "ikrefarray": "shoulder_R0_tip,global_C0_root,body_C0_root,spine_C0_eff,spine_C0_root,root_C0_root", 
                "joint_names": "", 
                "joint_rot_offset_x": 0.0, 
                "joint_rot_offset_y": 0.0, 
                "joint_rot_offset_z": 0.0, 
                "maxstretch": 1.5, 
                "mirrorIK": false, 
                "mirrorMid": true, 
                "parentJointIndex": -1, 
                "pinrefarray": "shoulder_R0_tip,global_C0_root,body_C0_root,spine_C0_eff,spine_C0_root,root_C0_root", 
                "sq_profile": [
                    0.0, 
                    0.078125, 
                    0.25, 
                    0.421875, 
                    0.5, 
                    0.421875, 
                    0.25, 
                    0.078125, 
                    0.0
                ], 
                "st_profile": [
                    0.0, 
                    -0.078125, 
                    -0.25, 
                    -0.421875, 
                    -0.5, 
                    -0.421875, 
                    -0.25, 
                    -0.078125, 
                    0.0
                ], 
                "supportJoints": true, 
                "ui_host": "armUI_R0_root", 
                "upvrefarray": "shoulder_R0_tip,global_C0_root,body_C0_root,spine_C0_eff,spine_C0_root,root_C0_root", 
                "useIndex": false
            }, 
            "parent_fullName": "shoulder_R0", 
            "parent_localName": "tip", 
            "pos": {
                "eff": [
                    -47.00304776278543, 
                    86.8005956599732, 
                    22.12688513617242
                ], 
                "elbow": [
                    -28.48992538452145, 
                    116.63023376464851, 
                    -1.9719276428222707
                ], 
                "root": [
                    -15.248937606811523, 
                    134.38731384277347, 
                    -2.5227966308593768
                ], 
                "wrist": [
                    -42.06744509308784, 
                    100.45497364445804, 
                    13.084538887195176
                ]
            }, 
            "tra": {
                "eff": [
                    [
                        -0.28855465656723667, 
                        -0.7982883983231472, 
                        0.5286509654545531, 
                        0.0
                    ], 
                    [
                        -0.8425189059920793, 
                        0.4740039119448536, 
                        0.255894870028459, 
                        0.0
                    ], 
                    [
                        0.4548605316130088, 
                        0.3715587767280483, 
                        0.8093491040441604, 
                        0.0
                    ], 
                    [
                        -47.00304776278543, 
                        86.8005956599732, 
                        22.12688513617242, 
                        1.0
                    ]
                ], 
                "elbow": [
                    [
                        -0.5234973460340665, 
                        -0.6236563029245937, 
                        0.5805198915779828, 
                        0.0
                    ], 
                    [
                        -0.7204529307845272, 
                        0.6877476944772587, 
                        0.08916660397928705, 
                        0.0
                    ], 
                    [
                        0.45486053161300877, 
                        0.37155877672804827, 
                        0.8093491040441604, 
                        0.0
                    ], 
                    [
                        -28.48992538452145, 
                        116.63023376464851, 
                        -1.9719276428222707, 
                        1.0
                    ]
                ], 
                "root": [
                    [
                        -0.5975932812775936, 
                        -0.8014138494539982, 
                        0.02486185985000433, 
                        0.0
                    ], 
                    [
                        -0.8007211906783595, 
                        0.5981102255465327, 
                        0.03331265368146949, 
                        0.0
                    ], 
                    [
                        0.041567354624786675, 
                        5.152128723651117e-16, 
                        0.9991357040109685, 
                        0.0
                    ], 
                    [
                        -15.248937606811523, 
                        134.38731384277347, 
                        -2.5227966308593768, 
                        1.0
                    ]
                ], 
                "wrist": [
                    [
                        -0.28855465656723633, 
                        -0.7982883983231464, 
                        0.5286509654545526, 
                        0.0
                    ], 
                    [
                        -0.842518905992079, 
                        0.47400391194485336, 
                        0.2558948700284589, 
                        0.0
                    ], 
                    [
                        0.45486053161300916, 
                        0.3715587767280486, 
                        0.809349104044161, 
                        0.0
                    ], 
                    [
                        -42.06744509308784, 
                        100.45497364445804, 
                        13.084538887195176, 
                        1.0
                    ]
                ]
            }
        }, 
        "belt_C0": {
            "apos": [
                [
                    1.244615912437439, 
                    93.36238098144528, 
                    14.030231475830078
                ], 
                [
                    -7.977086067199723, 
                    86.54299163818362, 
                    14.95688247680664
                ]
            ], 
            "atra": [
                [
                    [
                        -0.8014250698937337, 
                        -0.5926486881840393, 
                        0.08053191752071212, 
                        0.0
                    ], 
                    [
                        0.06475060562135365, 
                        0.04788265668517884, 
                        0.9967520304772086, 
                        0.0
                    ], 
                    [
                        -0.594579865465938, 
                        0.8040365561232321, 
                        2.152899781706492e-16, 
                        0.0
                    ], 
                    [
                        1.244615912437439, 
                        93.36238098144528, 
                        14.030231475830078, 
                        1.0
                    ]
                ], 
                [
                    [
                        -0.8014250698937336, 
                        -0.5926486881840392, 
                        0.0805319175207121, 
                        0.0
                    ], 
                    [
                        0.06475060562135364, 
                        0.04788265668517883, 
                        0.9967520304772085, 
                        0.0
                    ], 
                    [
                        -0.594579865465938, 
                        0.8040365561232321, 
                        2.152899781706492e-16, 
                        0.0
                    ], 
                    [
                        -7.977086067199723, 
                        86.54299163818362, 
                        14.95688247680664, 
                        1.0
                    ]
                ]
            ], 
            "blade": {
                "blade": [
                    [
                        -0.8014250698937337, 
                        -0.5926486881840393, 
                        0.08053191752071212, 
                        0.0
                    ], 
                    [
                        0.06475060562135365, 
                        0.04788265668517884, 
                        0.9967520304772086, 
                        0.0
                    ], 
                    [
                        -0.594579865465938, 
                        0.8040365561232321, 
                        2.152899781706492e-16, 
                        0.0
                    ], 
                    [
                        1.2446159124374387, 
                        93.36238098144528, 
                        14.030231475830075, 
                        1.0
                    ]
                ]
            }, 
            "child_components": [], 
            "param_values": {
                "Override_Color": true, 
                "RGB_fk": [
                    0.0, 
                    0.0, 
                    1.0
                ], 
                "RGB_ik": [
                    0.0, 
                    0.25, 
                    1.0
                ], 
                "Use_RGB_Color": false, 
                "color_fk": 9, 
                "color_ik": 31, 
                "comp_index": 0, 
                "comp_name": "belt", 
                "comp_side": "C", 
                "comp_type": "chain_spring_01", 
                "connector": "standard", 
                "ctlGrp": "", 
                "joint_names": "", 
                "joint_rot_offset_x": 0.0, 
                "joint_rot_offset_y": 0.0, 
                "joint_rot_offset_z": 0.0, 
                "parentJointIndex": -1, 
                "ui_host": "belt_C0_root", 
                "useIndex": false
            }, 
            "parent_fullName": "spine_C0", 
            "parent_localName": "root", 
            "pos": {
                "0_loc": [
                    -7.977086067199723, 
                    86.54299163818362, 
                    14.95688247680664
                ], 
                "root": [
                    1.244615912437439, 
                    93.36238098144528, 
                    14.030231475830078
                ]
            }, 
            "tra": {
                "0_loc": [
                    [
                        -0.8014250698937336, 
                        -0.5926486881840392, 
                        0.0805319175207121, 
                        0.0
                    ], 
                    [
                        0.06475060562135364, 
                        0.04788265668517883, 
                        0.9967520304772085, 
                        0.0
                    ], 
                    [
                        -0.594579865465938, 
                        0.8040365561232321, 
                        2.152899781706492e-16, 
                        0.0
                    ], 
                    [
                        -7.977086067199723, 
                        86.54299163818362, 
                        14.95688247680664, 
                        1.0
                    ]
                ], 
                "root": [
                    [
                        -0.8014250698937337, 
                        -0.5926486881840393, 
                        0.08053191752071212, 
                        0.0
                    ], 
                    [
                        0.06475060562135365, 
                        0.04788265668517884, 
                        0.9967520304772086, 
                        0.0
                    ], 
                    [
                        -0.594579865465938, 
                        0.8040365561232321, 
